[gd_scene load_steps=12 format=3 uid="uid://cdqab17mmr4kv"]

[ext_resource type="PackedScene" uid="uid://ca43ugoqy5qoo" path="res://assets/models/levels/cage_room.glb" id="1_rkex6"]
[ext_resource type="Material" uid="uid://blmgqndldqepe" path="res://assets/materials/pixel_toon_mat.tres" id="2_bhvx1"]
[ext_resource type="Material" uid="uid://bk66ipwv7753s" path="res://assets/materials/pipe_mat.tres" id="3_x78ir"]
[ext_resource type="Material" uid="uid://bpm56rj1xt1y5" path="res://assets/materials/metal_mat.tres" id="4_83dy8"]
[ext_resource type="PackedScene" uid="uid://dieumyp8m6u8e" path="res://scenes/instantiable/objects/physics_chain_long.tscn" id="5_4xmvr"]
[ext_resource type="PackedScene" uid="uid://d1ckrg4f36nvi" path="res://scenes/instantiable/objects/physics_chain.tscn" id="6_eb5tj"]
[ext_resource type="PackedScene" uid="uid://dgxrqiv345oa7" path="res://scenes/instantiable/objects/hanging_cage.tscn" id="7_ah82e"]
[ext_resource type="PackedScene" uid="uid://bo38mbppayu7s" path="res://scenes/instantiable/objects/physics_chain_short.tscn" id="8_7f8j1"]
[ext_resource type="PackedScene" uid="uid://dm0h1khkexvsk" path="res://scenes/instantiable/objects/physics_chain_short_light.tscn" id="9_c8iku"]
[ext_resource type="PackedScene" uid="uid://b14mldgajjclv" path="res://scenes/instantiable/objects/kakelugn.tscn" id="10_c16qx"]
[ext_resource type="PackedScene" uid="uid://cqejm8aebr4mb" path="res://scenes/instantiable/objects/sconce.tscn" id="11_ch4bm"]

[node name="cage_room" instance=ExtResource("1_rkex6")]

[node name="Arc" parent="." index="0"]
surface_material_override/0 = ExtResource("2_bhvx1")

[node name="Metal Bit" parent="." index="1"]
surface_material_override/0 = ExtResource("3_x78ir")

[node name="Fence" parent="." index="2"]
surface_material_override/0 = ExtResource("4_83dy8")

[node name="Pipe_001" parent="." index="3"]
surface_material_override/0 = ExtResource("3_x78ir")

[node name="Pipe" parent="." index="4"]
surface_material_override/0 = ExtResource("3_x78ir")

[node name="Hole" parent="." index="5"]
surface_material_override/0 = ExtResource("4_83dy8")

[node name="Pipe_002" parent="." index="6"]
surface_material_override/0 = ExtResource("3_x78ir")

[node name="Pipe_005" parent="." index="7"]
surface_material_override/0 = ExtResource("3_x78ir")

[node name="Pipe_004" parent="." index="8"]
surface_material_override/0 = ExtResource("3_x78ir")

[node name="Pipe_003" parent="." index="9"]
surface_material_override/0 = ExtResource("3_x78ir")

[node name="Objects" type="Node3D" parent="." index="10"]

[node name="Chains" type="Node3D" parent="Objects" index="0"]

[node name="PhysicsChainLong" parent="Objects/Chains" index="0" instance=ExtResource("5_4xmvr")]
transform = Transform3D(0.258819, 0, 0.965926, 0, 1, 0, -0.965926, 0, 0.258819, 5.17087, 10.1378, -6.11612)

[node name="PhysicsChainLong3" parent="Objects/Chains" index="1" instance=ExtResource("5_4xmvr")]
transform = Transform3D(0.970279, 0, 0.24199, 0, 1, 0, -0.24199, 0, 0.970279, 4.62975, 10.1378, -6.11612)

[node name="PhysicsChainLong2" parent="Objects/Chains" index="2" instance=ExtResource("5_4xmvr")]
transform = Transform3D(0.933503, 0.207726, -0.292272, 0.0573403, 0.718134, 0.693539, 0.353956, -0.664179, 0.658469, -0.359508, 7.46976, 4.74385)

[node name="PhysicsChain" parent="Objects/Chains" index="3" instance=ExtResource("6_eb5tj")]
transform = Transform3D(0.00883292, 0.00643771, 0.99994, 0.999949, -0.0049296, -0.00880128, 0.00487264, 0.999967, -0.00648092, -2.94987, 9.9713, -6.11612)

[node name="PhysicsChain2" parent="Objects/Chains" index="4" instance=ExtResource("6_eb5tj")]
transform = Transform3D(0.00883292, 0.0064377, 0.99994, 0.999949, -0.00492961, -0.00880126, 0.00487266, 0.999967, -0.00648092, 2.35691, 9.95717, 5.05597)

[node name="PhysicsChain4" parent="Objects/Chains" index="5" instance=ExtResource("6_eb5tj")]
transform = Transform3D(-0.570054, 0, -0.821607, 0, 1, 0, 0.821607, 0, -0.570054, -6.27622, 9.95717, 5.2866)

[node name="PinJoint3D2" type="PinJoint3D" parent="Objects/Chains/PhysicsChain4" index="33"]
transform = Transform3D(1, 0, -1.81899e-11, 0, 1, 9.31323e-10, -2.18279e-11, 0, 1, -5.57899, 0.0284724, 0.0508337)
node_b = NodePath("../ChainLink32")

[node name="PhysicsChain5" parent="Objects/Chains" index="6" instance=ExtResource("6_eb5tj")]
transform = Transform3D(-0.479366, 0, 0.877615, 0, 1, 0, -0.877615, 0, -0.479366, 2.12503, 10.0983, -11.3185)

[node name="PinJoint3D2" type="PinJoint3D" parent="Objects/Chains/PhysicsChain5" index="33"]
transform = Transform3D(1, 0, -1.81899e-11, 0, 1, 9.31323e-10, -2.18279e-11, 0, 1, -5.57899, 0.0284724, 0.0508337)
node_b = NodePath("../ChainLink32")

[node name="PhysicsChain3" parent="Objects/Chains" index="7" instance=ExtResource("7_ah82e")]
transform = Transform3D(1, 0, 0, 0, 1, 0, 0, 0, 1, 0, 5.24716, 0)

[node name="PhysicsChainShort" parent="Objects/Chains" index="8" instance=ExtResource("8_7f8j1")]
transform = Transform3D(-4.37114e-08, -1, 0, 1, -4.37114e-08, 0, 0, 0, 1, 2.84634, 9.87917, 5.30568)

[node name="PhysicsChainShort2" parent="Objects/Chains" index="9" instance=ExtResource("8_7f8j1")]
transform = Transform3D(-4.37114e-08, -1, 0, 1, -4.37114e-08, 0, 0, 0, 1, -11.049, 9.87917, 2.25253)

[node name="PhysicsChainShort3" parent="Objects/Chains" index="10" instance=ExtResource("8_7f8j1")]
transform = Transform3D(-4.37114e-08, -1, 0, 1, -4.37114e-08, 0, 0, 0, 1, 5.00909, 9.98797, -6.20986)

[node name="PhysicsChainShort4" parent="Objects/Chains" index="11" instance=ExtResource("9_c8iku")]
transform = Transform3D(-4.37114e-08, -1, 0, 1, -4.37114e-08, 0, 0, 0, 1, 0, 7.74092, 3.52592)

[node name="PhysicsChainShort5" parent="Objects/Chains" index="12" instance=ExtResource("9_c8iku")]
transform = Transform3D(-4.37114e-08, -1, 0, 1, -4.37114e-08, 0, 0, 0, 1, 0, 7.74092, -3.47408)

[node name="kakelugn" parent="Objects" index="1" instance=ExtResource("10_c16qx")]
transform = Transform3D(-0.602748, 0, 0.797931, 0, 1, 0, -0.797931, 0, -0.602748, -14.1433, 0.428629, 14.2792)

[node name="sconce" parent="Objects" index="2" instance=ExtResource("11_ch4bm")]
transform = Transform3D(1, 0, 0, 0, 1, 0, 0, 0, 1, 0.91563, 1.52655, -10.5114)

[node name="sconce2" parent="Objects" index="3" instance=ExtResource("11_ch4bm")]
transform = Transform3D(1, 0, 0, 0, 1, 0, 0, 0, 1, 0.91563, 1.52655, 9.75779)

[node name="sconce3" parent="Objects" index="4" instance=ExtResource("11_ch4bm")]
transform = Transform3D(-1, 0, 8.74228e-08, 0, 1, 0, -8.74228e-08, 0, -1, -0.989115, 1.52655, 9.75779)

[node name="sconce4" parent="Objects" index="5" instance=ExtResource("11_ch4bm")]
transform = Transform3D(-1, 0, 8.74228e-08, 0, 1, 0, -8.74228e-08, 0, -1, -0.989115, 1.52655, -10.4213)

[node name="sconce5" parent="Objects" index="6" instance=ExtResource("11_ch4bm")]
transform = Transform3D(1.31134e-07, 0, 1, 0, 1, 0, -1, 0, 1.31134e-07, -9.89279, 1.52655, -1.02299)

[node name="sconce6" parent="Objects" index="7" instance=ExtResource("11_ch4bm")]
transform = Transform3D(1.31134e-07, 0, 1, 0, 1, 0, -1, 0, 1.31134e-07, 10.1239, 1.52655, -1.02299)

[node name="sconce7" parent="Objects" index="8" instance=ExtResource("11_ch4bm")]
transform = Transform3D(-2.18557e-07, 0, -1, 0, 1, 0, 1, 0, -2.18557e-07, 10.1239, 1.52655, 0.922795)

[node name="sconce8" parent="Objects" index="9" instance=ExtResource("11_ch4bm")]
transform = Transform3D(-2.18557e-07, 0, -1, 0, 1, 0, 1, 0, -2.18557e-07, -10.0667, 1.52655, 0.922795)

[editable path="Objects/Chains/PhysicsChain4"]
[editable path="Objects/Chains/PhysicsChain5"]
[editable path="Objects/Chains/PhysicsChain3"]
